{
 "cells": [
  {
   "cell_type": "markdown",
   "metadata": {},
   "source": [
    "# Figures appearing in the Algebraic Amplification paper at SIGMOD2020\n",
    "This notebook allows one to generate every synthetic data figure appearing in the Algebraic Amplification paper at SIGMOD 2020. Becacuse certain figures are time and compute intensive, each figure is generated from cached data. \n",
    "\n",
    "Each type of experiment has its own Python module (e.g. Fig_Timing, Fig_EndtoEnd_accuracy, etc.) imported at the top of this notebook. These modules define long lists of alternative parameters used for experiments. We choose sets of parameters with metaparameters CHOICE (which choice of parameters are chosen) and VARIANT (which variant for printing results is chosen). Other parameters define control variables like whether new data is created and whether figures are displayed or exported as PDF."
   ]
  },
  {
   "cell_type": "code",
   "execution_count": 1,
   "metadata": {},
   "outputs": [],
   "source": [
    "import warnings\n",
    "warnings.filterwarnings('ignore')"
   ]
  },
  {
   "cell_type": "code",
   "execution_count": 2,
   "metadata": {
    "pycharm": {
     "is_executing": false,
     "name": "#%%\n"
    }
   },
   "outputs": [],
   "source": [
    "import sys\n",
    "import time\n",
    "sys.path.append(\"../\")\n",
    "import Fig_Timing, Fig_EndtoEnd_accuracy, Fig_Backtracking_Advantage, Fig_Time_VaryK, Fig_Homophily, Fig_Accuracy_Restarts, Fig_MHE_Robustness_d, Fig_MHE_Robustness_f, Fig_Scaling_Hrow, Fig_MHE_Variants_Scaling_Factor, Fig_MHE_Variants, Fig_MHE_Optimal_Lambda, Fig_Accuracy_Varyk, Fig_Timing_Accuracy"
   ]
  },
  {
   "cell_type": "code",
   "execution_count": 3,
   "metadata": {
    "pycharm": {
     "is_executing": false,
     "name": "#%%\n"
    }
   },
   "outputs": [],
   "source": [
    "%matplotlib inline"
   ]
  },
  {
   "cell_type": "markdown",
   "metadata": {},
   "source": []
  },
  {
   "cell_type": "markdown",
   "metadata": {},
   "source": [
    "### Figure 3"
   ]
  },
  {
   "cell_type": "markdown",
   "metadata": {},
   "source": [
    "#### 3a"
   ]
  },
  {
   "cell_type": "code",
   "execution_count": 3,
   "metadata": {
    "pycharm": {
     "is_executing": false,
     "name": "#%%\n"
    }
   },
   "outputs": [
    {
     "name": "stdout",
     "output_type": "stream",
     "text": [
      "\n",
      "i: 0\n",
      "j: 0\n",
      "option: opt1, f: 0.9, actualIt: 10, accuracy: 0.9699940582293524\n",
      "learning_method: LHE\n",
      "H:\n",
      "[[0.3029985  0.39434856 0.30265293]\n",
      " [0.39434856 0.30291217 0.30273927]\n",
      " [0.30265293 0.30273927 0.3946078 ]]\n",
      "option: opt2, f: 0.9, actualIt: 10, accuracy: 0.9699940582293524\n",
      "learning_method: MHE\n",
      "H:\n",
      "[[0.20418531 0.59557562 0.20023907]\n",
      " [0.59557562 0.20381018 0.2006142 ]\n",
      " [0.20023907 0.2006142  0.59914673]]\n",
      "option: opt3, f: 0.9, actualIt: 10, accuracy: 0.9699940582293524\n",
      "learning_method: DHE\n",
      "H:\n",
      "[[0.20162146 0.59533957 0.20303897]\n",
      " [0.59533957 0.20738588 0.19727455]\n",
      " [0.20303897 0.19727455 0.59968648]]\n",
      "option: opt4, f: 0.9, actualIt: 10, accuracy: 0.9699940582293524\n",
      "learning_method: DHE\n",
      "H:\n",
      "[[0.2016512  0.59520229 0.20314651]\n",
      " [0.59520229 0.2076861  0.19711161]\n",
      " [0.20314651 0.19711161 0.59974188]]\n",
      "option: opt5, f: 0.9, actualIt: 10, accuracy: 0.9699940582293524\n",
      "option: opt6, f: 0.9, actualIt: 10, accuracy: 0.01990493166963755\n",
      "option: opt1, f: 0.567861610032174, actualIt: 10, accuracy: 0.9513888888888888\n",
      "learning_method: LHE\n",
      "H:\n",
      "[[0.30946117 0.38619572 0.30434311]\n",
      " [0.38619572 0.30664008 0.3071642 ]\n",
      " [0.30434311 0.3071642  0.38849269]]\n",
      "option: opt2, f: 0.567861610032174, actualIt: 10, accuracy: 0.9490740740740741\n",
      "learning_method: MHE\n",
      "H:\n",
      "[[0.21951558 0.59188232 0.1886021 ]\n",
      " [0.59188232 0.2054658  0.20265188]\n",
      " [0.1886021  0.20265188 0.60874602]]\n",
      "option: opt3, f: 0.567861610032174, actualIt: 10, accuracy: 0.9467592592592592\n",
      "learning_method: DHE\n",
      "H:\n",
      "[[0.20567707 0.59501878 0.19930415]\n",
      " [0.59501878 0.20518808 0.19979314]\n",
      " [0.19930415 0.19979314 0.60090271]]\n",
      "option: opt4, f: 0.567861610032174, actualIt: 10, accuracy: 0.9513888888888888\n",
      "learning_method: DHE\n",
      "H:\n",
      "[[0.20538204 0.59499644 0.19962152]\n",
      " [0.59499644 0.205597   0.19940656]\n",
      " [0.19962152 0.19940656 0.60097192]]\n",
      "option: opt5, f: 0.567861610032174, actualIt: 10, accuracy: 0.9513888888888888\n",
      "option: opt6, f: 0.567861610032174, actualIt: 10, accuracy: 0.34722222222222215\n",
      "option: opt1, f: 0.35829645349814754, actualIt: 10, accuracy: 0.8707165109034268\n",
      "learning_method: LHE\n",
      "H:\n",
      "[[0.31346732 0.37945294 0.30707974]\n",
      " [0.37945294 0.31071138 0.30983569]\n",
      " [0.30707974 0.30983569 0.38308457]]\n",
      "option: opt2, f: 0.35829645349814754, actualIt: 10, accuracy: 0.8738317757009346\n",
      "learning_method: MHE\n",
      "H:\n",
      "[[0.22560248 0.60073601 0.17366151]\n",
      " [0.60073601 0.20916638 0.19009761]\n",
      " [0.17366151 0.19009761 0.63624088]]\n",
      "option: opt3, f: 0.35829645349814754, actualIt: 10, accuracy: 0.8785046728971962\n",
      "learning_method: DHE\n",
      "H:\n",
      "[[0.20710358 0.59350379 0.19939263]\n",
      " [0.59350379 0.20922174 0.19727447]\n",
      " [0.19939263 0.19727447 0.60333291]]\n",
      "option: opt4, f: 0.35829645349814754, actualIt: 10, accuracy: 0.8691588785046728\n",
      "learning_method: DHE\n",
      "H:\n",
      "[[0.20725896 0.59362951 0.19911153]\n",
      " [0.59362951 0.20860541 0.19776508]\n",
      " [0.19911153 0.19776508 0.60312339]]\n",
      "option: opt5, f: 0.35829645349814754, actualIt: 10, accuracy: 0.8691588785046728\n",
      "option: opt6, f: 0.35829645349814754, actualIt: 10, accuracy: 0.8520249221183801\n",
      "option: opt1, f: 0.2260697788358622, actualIt: 10, accuracy: 0.8320413436692506\n",
      "learning_method: LHE\n",
      "H:\n",
      "[[0.31811011 0.36642955 0.31546034]\n",
      " [0.36642955 0.3213472  0.31222325]\n",
      " [0.31546034 0.31222325 0.37231641]]\n",
      "option: opt2, f: 0.2260697788358622, actualIt: 10, accuracy: 0.8242894056847545\n",
      "learning_method: MHE\n",
      "H:\n",
      "[[0.22668615 0.56898401 0.20432984]\n",
      " [0.56898401 0.248163   0.18285299]\n",
      " [0.20432984 0.18285299 0.61281717]]\n",
      "option: opt3, f: 0.2260697788358622, actualIt: 10, accuracy: 0.8229974160206718\n",
      "learning_method: DHE\n",
      "H:\n",
      "[[0.20336706 0.58932688 0.20730606]\n",
      " [0.58932688 0.22073722 0.1899359 ]\n",
      " [0.20730606 0.1899359  0.60275804]]\n",
      "option: opt4, f: 0.2260697788358622, actualIt: 10, accuracy: 0.8307493540051679\n",
      "learning_method: DHE\n",
      "H:\n",
      "[[0.20169948 0.59064986 0.20765067]\n",
      " [0.59064986 0.21960016 0.18974998]\n",
      " [0.20765067 0.18974998 0.60259935]]\n",
      "option: opt5, f: 0.2260697788358622, actualIt: 10, accuracy: 0.8294573643410853\n",
      "option: opt6, f: 0.2260697788358622, actualIt: 10, accuracy: 0.7855297157622738\n",
      "option: opt1, f: 0.14264038732150022, actualIt: 10, accuracy: 0.7654357338567865\n",
      "learning_method: LHE\n",
      "H:\n",
      "[[0.32172998 0.36189723 0.31637279]\n",
      " [0.36189723 0.3198647  0.31823806]\n",
      " [0.31637279 0.31823806 0.36538915]]\n",
      "option: opt2, f: 0.14264038732150022, actualIt: 10, accuracy: 0.7595918701181859\n",
      "learning_method: MHE\n",
      "H:\n",
      "[[0.21579975 0.62017963 0.16402063]\n",
      " [0.62017963 0.19610171 0.18371867]\n",
      " [0.16402063 0.18371867 0.65226071]]\n",
      "option: opt3, f: 0.14264038732150022, actualIt: 10, accuracy: 0.7584263689526848\n",
      "learning_method: DHE\n",
      "H:\n",
      "[[0.20993053 0.59251014 0.19755933]\n",
      " [0.59251014 0.21149928 0.19599057]\n",
      " [0.19755933 0.19599057 0.60645009]]\n",
      "option: opt4, f: 0.14264038732150022, actualIt: 10, accuracy: 0.7654316443790128\n",
      "learning_method: DHE\n",
      "H:\n",
      "[[0.20855865 0.59339368 0.19804767]\n",
      " [0.59339368 0.2103665  0.19623982]\n",
      " [0.19804767 0.19623982 0.60571251]]\n",
      "option: opt5, f: 0.14264038732150022, actualIt: 10, accuracy: 0.7654316443790128\n",
      "option: opt6, f: 0.14264038732150022, actualIt: 10, accuracy: 0.7292356766040977\n",
      "option: opt1, f: 0.09000000000000001, actualIt: 10, accuracy: 0.724154652307336\n",
      "learning_method: LHE\n",
      "H:\n",
      "[[0.31953043 0.35576725 0.32470232]\n",
      " [0.35576725 0.3146188  0.32961395]\n",
      " [0.32470232 0.32961395 0.34568373]]\n",
      "option: opt2, f: 0.09000000000000001, actualIt: 10, accuracy: 0.6803637600602165\n",
      "learning_method: MHE\n",
      "H:\n",
      "[[0.14410871 0.64542576 0.21046553]\n",
      " [0.64542576 0.07930568 0.27526855]\n",
      " [0.21046553 0.27526855 0.51426592]]\n",
      "option: opt3, f: 0.09000000000000001, actualIt: 10, accuracy: 0.6792600312662845\n",
      "learning_method: DHE\n",
      "H:\n",
      "[[0.21909769 0.59133321 0.1895691 ]\n",
      " [0.59133321 0.20375762 0.20490917]\n",
      " [0.1895691  0.20490917 0.60552173]]\n",
      "option: opt4, f: 0.09000000000000001, actualIt: 10, accuracy: 0.7263440159805454\n",
      "learning_method: DHE\n",
      "H:\n",
      "[[0.21417933 0.59285456 0.19296611]\n",
      " [0.59285456 0.20541086 0.20173458]\n",
      " [0.19296611 0.20173458 0.60529931]]\n",
      "option: opt5, f: 0.09000000000000001, actualIt: 10, accuracy: 0.7263440159805454\n",
      "option: opt6, f: 0.09000000000000001, actualIt: 10, accuracy: 0.33069162179375833\n",
      "option: opt1, f: 0.0567861610032174, actualIt: 10, accuracy: 0.7157618036598928\n",
      "learning_method: LHE\n",
      "H:\n",
      "[[0.32750391 0.34729599 0.32520009]\n",
      " [0.34729599 0.32282962 0.32987439]\n",
      " [0.32520009 0.32987439 0.34492552]]\n",
      "option: opt2, f: 0.0567861610032174, actualIt: 10, accuracy: 0.6871802648872712\n",
      "learning_method: MHE\n",
      "H:\n",
      "[[0.18924511 0.63112232 0.17963257]\n",
      " [0.63112232 0.07591863 0.29295905]\n",
      " [0.17963257 0.29295905 0.52740838]]\n",
      "option: opt3, f: 0.0567861610032174, actualIt: 10, accuracy: 0.6861793549691638\n",
      "learning_method: DHE\n",
      "H:\n",
      "[[0.22296246 0.59640576 0.18063179]\n",
      " [0.59640576 0.19590239 0.20769185]\n",
      " [0.18063179 0.20769185 0.61167636]]\n",
      "option: opt4, f: 0.0567861610032174, actualIt: 10, accuracy: 0.7051460924072389\n",
      "learning_method: DHE\n",
      "H:\n",
      "[[0.21646912 0.59878921 0.18474168]\n",
      " [0.59878921 0.19646048 0.20475031]\n",
      " [0.18474168 0.20475031 0.61050801]]\n",
      "option: opt5, f: 0.0567861610032174, actualIt: 10, accuracy: 0.70620429346544\n",
      "option: opt6, f: 0.0567861610032174, actualIt: 10, accuracy: 0.6382233006436828\n",
      "option: opt1, f: 0.035829645349814754, actualIt: 10, accuracy: 0.6804273653115587\n",
      "learning_method: LHE\n",
      "H:\n",
      "[[0.3263066  0.34241803 0.33127537]\n",
      " [0.34241803 0.32382778 0.33375418]\n",
      " [0.33127537 0.33375418 0.33497045]]\n",
      "option: opt2, f: 0.035829645349814754, actualIt: 10, accuracy: 0.5863824874389686\n",
      "learning_method: MHE\n",
      "H:\n",
      "[[0.15830553 0.57506529 0.26662919]\n",
      " [0.57506529 0.06666859 0.35826612]\n",
      " [0.26662919 0.35826612 0.37510469]]\n",
      "option: opt3, f: 0.035829645349814754, actualIt: 10, accuracy: 0.5843572428294086\n",
      "learning_method: DHE\n",
      "H:\n",
      "[[0.25843198 0.58017339 0.16139463]\n",
      " [0.58017339 0.17942829 0.24039832]\n",
      " [0.16139463 0.24039832 0.59820705]]\n",
      "option: opt4, f: 0.035829645349814754, actualIt: 10, accuracy: 0.6638126197248505\n",
      "learning_method: DHE\n",
      "H:\n",
      "[[0.25008553 0.58386435 0.16605012]\n",
      " [0.58386435 0.17829857 0.23783708]\n",
      " [0.16605012 0.23783708 0.5961128 ]]\n",
      "option: opt5, f: 0.035829645349814754, actualIt: 10, accuracy: 0.6679663061215275\n",
      "option: opt6, f: 0.035829645349814754, actualIt: 10, accuracy: 0.5017027534296937\n",
      "option: opt1, f: 0.022606977883586222, actualIt: 10, accuracy: 0.6529966965549788\n",
      "learning_method: LHE\n",
      "H:\n",
      "[[0.32696047 0.34084259 0.33219695]\n",
      " [0.34084259 0.32729169 0.33186572]\n",
      " [0.33219695 0.33186572 0.33593733]]\n",
      "option: opt2, f: 0.022606977883586222, actualIt: 10, accuracy: 0.5518357715903729\n",
      "learning_method: MHE\n",
      "H:\n",
      "[[0.08337218 0.58325573 0.33337209]\n",
      " [0.58325573 0.08337279 0.33337147]\n",
      " [0.33337209 0.33337147 0.33325643]]\n",
      "option: opt3, f: 0.022606977883586222, actualIt: 10, accuracy: 0.5058958628283782\n",
      "learning_method: DHE\n",
      "H:\n",
      "[[0.23445369 0.58701178 0.17853453]\n",
      " [0.58701178 0.18980422 0.22318401]\n",
      " [0.17853453 0.22318401 0.59828146]]\n"
     ]
    },
    {
     "name": "stdout",
     "output_type": "stream",
     "text": [
      "option: opt4, f: 0.022606977883586222, actualIt: 10, accuracy: 0.6447978606260815\n",
      "learning_method: DHE\n",
      "H:\n",
      "[[0.22580256 0.58643023 0.18776721]\n",
      " [0.58643023 0.19024718 0.22332259]\n",
      " [0.18776721 0.22332259 0.5889102 ]]\n",
      "option: opt5, f: 0.022606977883586222, actualIt: 10, accuracy: 0.6458266477898379\n",
      "option: opt6, f: 0.022606977883586222, actualIt: 10, accuracy: 0.5010224948875256\n",
      "option: opt1, f: 0.014264038732150021, actualIt: 10, accuracy: 0.5688894654903995\n",
      "learning_method: LHE\n",
      "H:\n",
      "[[0.32964619 0.34179961 0.3285542 ]\n",
      " [0.34179961 0.32980869 0.32839169]\n",
      " [0.3285542  0.32839169 0.34305411]]\n",
      "option: opt2, f: 0.014264038732150021, actualIt: 10, accuracy: 0.5475758025057454\n",
      "learning_method: MHE\n",
      "H:\n",
      "[[-5.45066172e-08  9.99999560e-01  4.94367308e-07]\n",
      " [ 9.99999560e-01  3.07917880e-07  1.31942811e-07]\n",
      " [ 4.94367308e-07  1.31942811e-07  9.99999374e-01]]\n",
      "option: opt3, f: 0.014264038732150021, actualIt: 10, accuracy: 0.5688894654903995\n",
      "learning_method: DHE\n",
      "H:\n",
      "[[0.2234795  0.58321903 0.19330148]\n",
      " [0.58321903 0.20837294 0.20840803]\n",
      " [0.19330148 0.20840803 0.59829049]]\n",
      "option: opt4, f: 0.014264038732150021, actualIt: 10, accuracy: 0.5536764524180197\n",
      "learning_method: DHE\n",
      "H:\n",
      "[[0.21910728 0.57428248 0.20661024]\n",
      " [0.57428248 0.21657086 0.20914666]\n",
      " [0.20661024 0.20914666 0.5842431 ]]\n",
      "option: opt5, f: 0.014264038732150021, actualIt: 10, accuracy: 0.5577384041317617\n",
      "option: opt6, f: 0.014264038732150021, actualIt: 10, accuracy: 0.5404403588108829\n",
      "option: opt1, f: 0.009000000000000001, actualIt: 10, accuracy: 0.5187921511184351\n",
      "learning_method: LHE\n",
      "H:\n",
      "[[0.33333333 0.33333333 0.33333333]\n",
      " [0.33333333 0.33333333 0.33333333]\n",
      " [0.33333333 0.33333333 0.33333333]]\n",
      "option: opt2, f: 0.009000000000000001, actualIt: 10, accuracy: 0.0\n",
      "learning_method: MHE\n",
      "H:\n",
      "[[0.33333333 0.33333333 0.33333333]\n",
      " [0.33333333 0.33333333 0.33333333]\n",
      " [0.33333333 0.33333333 0.33333333]]\n",
      "option: opt3, f: 0.009000000000000001, actualIt: 10, accuracy: 0.0\n",
      "learning_method: DHE\n",
      "H:\n",
      "[[0.33333333 0.33333333 0.33333333]\n",
      " [0.33333333 0.33333333 0.33333333]\n",
      " [0.33333333 0.33333333 0.33333333]]\n",
      "option: opt4, f: 0.009000000000000001, actualIt: 10, accuracy: 0.0\n",
      "learning_method: DHE\n",
      "H:\n",
      "[[0.19829602 0.57451306 0.22719092]\n",
      " [0.57451306 0.20644075 0.21904619]\n",
      " [0.22719092 0.21904619 0.55376288]]\n",
      "option: opt5, f: 0.009000000000000001, actualIt: 10, accuracy: 0.5127529067106106\n",
      "option: opt6, f: 0.009000000000000001, actualIt: 10, accuracy: 0.5126094784705056\n",
      "option: opt1, f: 0.00567861610032174, actualIt: 10, accuracy: 0.507179776507844\n",
      "learning_method: LHE\n",
      "H:\n",
      "[[0.33333333 0.33333333 0.33333333]\n",
      " [0.33333333 0.33333333 0.33333333]\n",
      " [0.33333333 0.33333333 0.33333333]]\n",
      "option: opt2, f: 0.00567861610032174, actualIt: 10, accuracy: 0.0\n",
      "learning_method: MHE\n",
      "H:\n",
      "[[0.33333333 0.33333333 0.33333333]\n",
      " [0.33333333 0.33333333 0.33333333]\n",
      " [0.33333333 0.33333333 0.33333333]]\n",
      "option: opt3, f: 0.00567861610032174, actualIt: 10, accuracy: 0.0\n",
      "learning_method: DHE\n",
      "H:\n",
      "[[0.33333333 0.33333333 0.33333333]\n",
      " [0.33333333 0.33333333 0.33333333]\n",
      " [0.33333333 0.33333333 0.33333333]]\n",
      "option: opt4, f: 0.00567861610032174, actualIt: 10, accuracy: 0.0\n",
      "learning_method: DHE\n",
      "H:\n",
      "[[0.14204984 0.57448494 0.28346522]\n",
      " [0.57448494 0.24903548 0.17647957]\n",
      " [0.28346522 0.17647957 0.54005521]]\n",
      "option: opt5, f: 0.00567861610032174, actualIt: 10, accuracy: 0.5031697788131377\n",
      "option: opt6, f: 0.00567861610032174, actualIt: 10, accuracy: 0.5000030332811609\n",
      "option: opt1, f: 0.0035829645349814755, actualIt: 10, accuracy: 0.44327864427598707\n",
      "learning_method: LHE\n",
      "H:\n",
      "[[0.33333333 0.33333333 0.33333333]\n",
      " [0.33333333 0.33333333 0.33333333]\n",
      " [0.33333333 0.33333333 0.33333333]]\n",
      "option: opt2, f: 0.0035829645349814755, actualIt: 10, accuracy: 0.0\n",
      "learning_method: MHE\n",
      "H:\n",
      "[[0.33333333 0.33333333 0.33333333]\n",
      " [0.33333333 0.33333333 0.33333333]\n",
      " [0.33333333 0.33333333 0.33333333]]\n",
      "option: opt3, f: 0.0035829645349814755, actualIt: 10, accuracy: 0.0\n",
      "learning_method: DHE\n",
      "H:\n",
      "[[0.33333333 0.33333333 0.33333333]\n",
      " [0.33333333 0.33333333 0.33333333]\n",
      " [0.33333333 0.33333333 0.33333333]]\n",
      "option: opt4, f: 0.0035829645349814755, actualIt: 10, accuracy: 0.0\n",
      "learning_method: DHE\n",
      "H:\n",
      "[[0.07083197 0.49689864 0.43226939]\n",
      " [0.49689864 0.08423781 0.41886355]\n",
      " [0.43226939 0.41886355 0.14886705]]\n",
      "option: opt5, f: 0.0035829645349814755, actualIt: 10, accuracy: 0.43930184871290684\n",
      "option: opt6, f: 0.0035829645349814755, actualIt: 10, accuracy: 0.4511385316084475\n",
      "option: opt1, f: 0.002260697788358622, actualIt: 10, accuracy: 0.40769082335347395\n",
      "learning_method: LHE\n",
      "H:\n",
      "[[0.33333333 0.33333333 0.33333333]\n",
      " [0.33333333 0.33333333 0.33333333]\n",
      " [0.33333333 0.33333333 0.33333333]]\n",
      "option: opt2, f: 0.002260697788358622, actualIt: 10, accuracy: 0.0\n",
      "learning_method: MHE\n",
      "H:\n",
      "[[0.33333333 0.33333333 0.33333333]\n",
      " [0.33333333 0.33333333 0.33333333]\n",
      " [0.33333333 0.33333333 0.33333333]]\n",
      "option: opt3, f: 0.002260697788358622, actualIt: 10, accuracy: 0.0\n",
      "learning_method: DHE\n",
      "H:\n",
      "[[0.33333333 0.33333333 0.33333333]\n",
      " [0.33333333 0.33333333 0.33333333]\n",
      " [0.33333333 0.33333333 0.33333333]]\n",
      "option: opt4, f: 0.002260697788358622, actualIt: 10, accuracy: 0.0\n",
      "learning_method: DHE\n",
      "H:\n",
      "[[0.86604889 0.09981168 0.03413942]\n",
      " [0.09981168 0.44865892 0.4515294 ]\n",
      " [0.03413942 0.4515294  0.51433118]]\n",
      "option: opt5, f: 0.002260697788358622, actualIt: 10, accuracy: 0.3333333333333333\n",
      "option: opt6, f: 0.002260697788358622, actualIt: 10, accuracy: 0.0\n",
      "option: opt1, f: 0.0014264038732150022, actualIt: 10, accuracy: 0.0\n",
      "learning_method: LHE\n",
      "H:\n",
      "[[0.33333333 0.33333333 0.33333333]\n",
      " [0.33333333 0.33333333 0.33333333]\n",
      " [0.33333333 0.33333333 0.33333333]]\n",
      "option: opt2, f: 0.0014264038732150022, actualIt: 10, accuracy: 0.0\n",
      "learning_method: MHE\n",
      "H:\n",
      "[[0.33333333 0.33333333 0.33333333]\n",
      " [0.33333333 0.33333333 0.33333333]\n",
      " [0.33333333 0.33333333 0.33333333]]\n",
      "option: opt3, f: 0.0014264038732150022, actualIt: 10, accuracy: 0.0\n",
      "learning_method: DHE\n",
      "H:\n",
      "[[0.33333333 0.33333333 0.33333333]\n",
      " [0.33333333 0.33333333 0.33333333]\n",
      " [0.33333333 0.33333333 0.33333333]]\n",
      "option: opt4, f: 0.0014264038732150022, actualIt: 10, accuracy: 0.0\n",
      "learning_method: DHE\n",
      "H:\n",
      "[[0.30047593 0.29964625 0.39987783]\n",
      " [0.29964625 0.37785659 0.32249717]\n",
      " [0.39987783 0.32249717 0.27762501]]\n",
      "option: opt5, f: 0.0014264038732150022, actualIt: 10, accuracy: 0.0\n",
      "option: opt6, f: 0.0014264038732150022, actualIt: 10, accuracy: 0.0\n",
      "option: opt1, f: 0.0009000000000000001, actualIt: 10, accuracy: 0.0\n",
      "learning_method: LHE\n",
      "H:\n",
      "[[0.33333333 0.33333333 0.33333333]\n",
      " [0.33333333 0.33333333 0.33333333]\n",
      " [0.33333333 0.33333333 0.33333333]]\n",
      "option: opt2, f: 0.0009000000000000001, actualIt: 10, accuracy: 0.0\n",
      "learning_method: MHE\n",
      "H:\n",
      "[[0.33333333 0.33333333 0.33333333]\n",
      " [0.33333333 0.33333333 0.33333333]\n",
      " [0.33333333 0.33333333 0.33333333]]\n",
      "option: opt3, f: 0.0009000000000000001, actualIt: 10, accuracy: 0.0\n",
      "learning_method: DHE\n",
      "H:\n",
      "[[0.33333333 0.33333333 0.33333333]\n",
      " [0.33333333 0.33333333 0.33333333]\n",
      " [0.33333333 0.33333333 0.33333333]]\n",
      "option: opt4, f: 0.0009000000000000001, actualIt: 10, accuracy: 0.0\n",
      "learning_method: DHE\n",
      "H:\n",
      "[[0.3595571  0.30807821 0.33236468]\n",
      " [0.30807821 0.33659664 0.35532515]\n",
      " [0.33236468 0.35532515 0.31231017]]\n",
      "option: opt5, f: 0.0009000000000000001, actualIt: 10, accuracy: 0.0\n",
      "option: opt6, f: 0.0009000000000000001, actualIt: 10, accuracy: 0.0\n",
      "option: opt1, f: 0.0005678616100321739, actualIt: 10, accuracy: 0.0\n",
      "learning_method: LHE\n",
      "H:\n",
      "[[0.33333333 0.33333333 0.33333333]\n",
      " [0.33333333 0.33333333 0.33333333]\n",
      " [0.33333333 0.33333333 0.33333333]]\n",
      "option: opt2, f: 0.0005678616100321739, actualIt: 10, accuracy: 0.0\n",
      "learning_method: MHE\n",
      "H:\n",
      "[[0.33333333 0.33333333 0.33333333]\n",
      " [0.33333333 0.33333333 0.33333333]\n",
      " [0.33333333 0.33333333 0.33333333]]\n",
      "option: opt3, f: 0.0005678616100321739, actualIt: 10, accuracy: 0.0\n",
      "learning_method: DHE\n",
      "H:\n",
      "[[0.33333333 0.33333333 0.33333333]\n",
      " [0.33333333 0.33333333 0.33333333]\n",
      " [0.33333333 0.33333333 0.33333333]]\n",
      "option: opt4, f: 0.0005678616100321739, actualIt: 10, accuracy: 0.0\n",
      "learning_method: DHE\n",
      "H:\n",
      "[[0.3595571  0.30807821 0.33236468]\n",
      " [0.30807821 0.33659664 0.35532515]\n",
      " [0.33236468 0.35532515 0.31231017]]\n",
      "option: opt5, f: 0.0005678616100321739, actualIt: 10, accuracy: 0.0\n",
      "option: opt6, f: 0.0005678616100321739, actualIt: 10, accuracy: 0.0\n",
      "option: opt1, f: 0.00035829645349814754, actualIt: 10, accuracy: 0.0\n",
      "learning_method: LHE\n",
      "H:\n",
      "[[0.33333333 0.33333333 0.33333333]\n",
      " [0.33333333 0.33333333 0.33333333]\n",
      " [0.33333333 0.33333333 0.33333333]]\n",
      "option: opt2, f: 0.00035829645349814754, actualIt: 10, accuracy: 0.0\n",
      "learning_method: MHE\n",
      "H:\n",
      "[[0.33333333 0.33333333 0.33333333]\n",
      " [0.33333333 0.33333333 0.33333333]\n",
      " [0.33333333 0.33333333 0.33333333]]\n",
      "option: opt3, f: 0.00035829645349814754, actualIt: 10, accuracy: 0.0\n",
      "learning_method: DHE\n",
      "H:\n",
      "[[0.33333333 0.33333333 0.33333333]\n",
      " [0.33333333 0.33333333 0.33333333]\n",
      " [0.33333333 0.33333333 0.33333333]]\n"
     ]
    },
    {
     "name": "stdout",
     "output_type": "stream",
     "text": [
      "option: opt4, f: 0.00035829645349814754, actualIt: 10, accuracy: 0.0\n",
      "learning_method: DHE\n",
      "H:\n",
      "[[0.3595571  0.30807821 0.33236468]\n",
      " [0.30807821 0.33659664 0.35532515]\n",
      " [0.33236468 0.35532515 0.31231017]]\n",
      "option: opt5, f: 0.00035829645349814754, actualIt: 10, accuracy: 0.0\n",
      "option: opt6, f: 0.00035829645349814754, actualIt: 10, accuracy: 0.0\n",
      "option: opt1, f: 0.00022606977883586222, actualIt: 10, accuracy: 0.0\n",
      "learning_method: LHE\n",
      "H:\n",
      "[[0.33333333 0.33333333 0.33333333]\n",
      " [0.33333333 0.33333333 0.33333333]\n",
      " [0.33333333 0.33333333 0.33333333]]\n",
      "option: opt2, f: 0.00022606977883586222, actualIt: 10, accuracy: 0.0\n",
      "learning_method: MHE\n",
      "H:\n",
      "[[0.33333333 0.33333333 0.33333333]\n",
      " [0.33333333 0.33333333 0.33333333]\n",
      " [0.33333333 0.33333333 0.33333333]]\n",
      "option: opt3, f: 0.00022606977883586222, actualIt: 10, accuracy: 0.0\n",
      "learning_method: DHE\n",
      "H:\n",
      "[[0.33333333 0.33333333 0.33333333]\n",
      " [0.33333333 0.33333333 0.33333333]\n",
      " [0.33333333 0.33333333 0.33333333]]\n",
      "option: opt4, f: 0.00022606977883586222, actualIt: 10, accuracy: 0.0\n",
      "learning_method: DHE\n",
      "H:\n",
      "[[0.27744045 0.35925705 0.3633025 ]\n",
      " [0.35925705 0.3017863  0.33895665]\n",
      " [0.3633025  0.33895665 0.29774086]]\n",
      "option: opt5, f: 0.00022606977883586222, actualIt: 10, accuracy: 0.0\n",
      "option: opt6, f: 0.00022606977883586222, actualIt: 10, accuracy: 0.0\n",
      "option: opt1, f: 0.0001426403873215002, actualIt: 10, accuracy: 0.0\n",
      "learning_method: LHE\n",
      "H:\n",
      "[[0.33333333 0.33333333 0.33333333]\n",
      " [0.33333333 0.33333333 0.33333333]\n",
      " [0.33333333 0.33333333 0.33333333]]\n",
      "option: opt2, f: 0.0001426403873215002, actualIt: 10, accuracy: 0.0\n",
      "learning_method: MHE\n",
      "H:\n",
      "[[0.33333333 0.33333333 0.33333333]\n",
      " [0.33333333 0.33333333 0.33333333]\n",
      " [0.33333333 0.33333333 0.33333333]]\n",
      "option: opt3, f: 0.0001426403873215002, actualIt: 10, accuracy: 0.0\n",
      "learning_method: DHE\n",
      "H:\n",
      "[[0.33333333 0.33333333 0.33333333]\n",
      " [0.33333333 0.33333333 0.33333333]\n",
      " [0.33333333 0.33333333 0.33333333]]\n",
      "option: opt4, f: 0.0001426403873215002, actualIt: 10, accuracy: 0.0\n",
      "learning_method: DHE\n",
      "H:\n",
      "[[0.36123843 0.37120662 0.26755495]\n",
      " [0.37120662 0.28772835 0.34106503]\n",
      " [0.26755495 0.34106503 0.39138002]]\n",
      "option: opt5, f: 0.0001426403873215002, actualIt: 10, accuracy: 0.0\n",
      "option: opt6, f: 0.0001426403873215002, actualIt: 10, accuracy: 0.0\n",
      "option: opt1, f: 9e-05, actualIt: 10, accuracy: 0.0\n",
      "learning_method: LHE\n",
      "H:\n",
      "[[0.33333333 0.33333333 0.33333333]\n",
      " [0.33333333 0.33333333 0.33333333]\n",
      " [0.33333333 0.33333333 0.33333333]]\n",
      "option: opt2, f: 9e-05, actualIt: 10, accuracy: 0.0\n",
      "learning_method: MHE\n",
      "H:\n",
      "[[0.33333333 0.33333333 0.33333333]\n",
      " [0.33333333 0.33333333 0.33333333]\n",
      " [0.33333333 0.33333333 0.33333333]]\n",
      "option: opt3, f: 9e-05, actualIt: 10, accuracy: 0.0\n",
      "learning_method: DHE\n",
      "H:\n",
      "[[0.33333333 0.33333333 0.33333333]\n",
      " [0.33333333 0.33333333 0.33333333]\n",
      " [0.33333333 0.33333333 0.33333333]]\n",
      "option: opt4, f: 9e-05, actualIt: 10, accuracy: 0.0\n",
      "learning_method: DHE\n",
      "H:\n",
      "[[0.36123843 0.37120662 0.26755495]\n",
      " [0.37120662 0.28772835 0.34106503]\n",
      " [0.26755495 0.34106503 0.39138002]]\n",
      "option: opt5, f: 9e-05, actualIt: 10, accuracy: 0.0\n",
      "option: opt6, f: 9e-05, actualIt: 10, accuracy: 0.0\n",
      "j: 1\n",
      "option: opt1, f: 0.9, actualIt: 10, accuracy: 0.9497920380273323\n",
      "learning_method: LHE\n",
      "H:\n",
      "[[0.3028188  0.39491423 0.30226697]\n",
      " [0.39491423 0.30154249 0.30354329]\n",
      " [0.30226697 0.30354329 0.39418974]]\n",
      "option: opt2, f: 0.9, actualIt: 10, accuracy: 0.9497920380273323\n",
      "learning_method: MHE\n",
      "H:\n",
      "[[0.20280683 0.5969147  0.20027847]\n",
      " [0.5969147  0.19735114 0.20573416]\n",
      " [0.20027847 0.20573416 0.59398736]]\n",
      "option: opt3, f: 0.9, actualIt: 10, accuracy: 0.9497920380273323\n",
      "learning_method: DHE\n",
      "H:\n",
      "[[0.20555853 0.59518551 0.19925595]\n",
      " [0.59518551 0.20252258 0.20229191]\n",
      " [0.19925595 0.20229191 0.59845214]]\n",
      "option: opt4, f: 0.9, actualIt: 10, accuracy: 0.9497920380273323\n",
      "learning_method: DHE\n",
      "H:\n",
      "[[0.20563959 0.59489352 0.19946689]\n",
      " [0.59489352 0.20321893 0.20188755]\n",
      " [0.19946689 0.20188755 0.59864556]]\n",
      "option: opt5, f: 0.9, actualIt: 10, accuracy: 0.9497920380273323\n",
      "option: opt6, f: 0.9, actualIt: 10, accuracy: 0.9396910279263221\n",
      "option: opt1, f: 0.567861610032174, actualIt: 10, accuracy: 0.9328703703703703\n",
      "learning_method: LHE\n",
      "H:\n",
      "[[0.30891693 0.38632439 0.30475869]\n",
      " [0.38632439 0.30539025 0.30828536]\n",
      " [0.30475869 0.30828536 0.38695595]]\n",
      "option: opt2, f: 0.567861610032174, actualIt: 10, accuracy: 0.9328703703703703\n",
      "learning_method: MHE\n",
      "H:\n",
      "[[0.20957062 0.5996357  0.19079367]\n",
      " [0.5996357  0.19191618 0.20844811]\n",
      " [0.19079367 0.20844811 0.60075821]]\n",
      "option: opt3, f: 0.567861610032174, actualIt: 10, accuracy: 0.9305555555555555\n",
      "learning_method: DHE\n",
      "H:\n",
      "[[0.20980597 0.59681388 0.19338015]\n",
      " [0.59681388 0.19718831 0.20599781]\n",
      " [0.19338015 0.20599781 0.60062205]]\n",
      "option: opt4, f: 0.567861610032174, actualIt: 10, accuracy: 0.9328703703703703\n",
      "learning_method: DHE\n",
      "H:\n",
      "[[0.20962402 0.59645929 0.19391669]\n",
      " [0.59645929 0.19812775 0.20541296]\n",
      " [0.19391669 0.20541296 0.60067036]]\n",
      "option: opt5, f: 0.567861610032174, actualIt: 10, accuracy: 0.9328703703703703\n",
      "option: opt6, f: 0.567861610032174, actualIt: 10, accuracy: 0.5856481481481481\n",
      "option: opt1, f: 0.35829645349814754, actualIt: 10, accuracy: 0.8676012461059189\n",
      "learning_method: LHE\n",
      "H:\n",
      "[[0.31237641 0.37795541 0.30966818]\n",
      " [0.37795541 0.3083057  0.31373889]\n",
      " [0.30966818 0.31373889 0.37659293]]\n",
      "option: opt2, f: 0.35829645349814754, actualIt: 10, accuracy: 0.869158878504673\n",
      "learning_method: MHE\n",
      "H:\n",
      "[[0.20882862 0.60093924 0.19023214]\n",
      " [0.60093924 0.18434595 0.21471481]\n",
      " [0.19023214 0.21471481 0.59505306]]\n",
      "option: opt3, f: 0.35829645349814754, actualIt: 10, accuracy: 0.8691588785046728\n",
      "learning_method: DHE\n",
      "H:\n",
      "[[0.20897005 0.59584896 0.195181  ]\n",
      " [0.59584896 0.19971691 0.20443413]\n",
      " [0.195181   0.20443413 0.60038487]]\n",
      "option: opt4, f: 0.35829645349814754, actualIt: 10, accuracy: 0.8707165109034268\n",
      "learning_method: DHE\n",
      "H:\n",
      "[[0.20654277 0.59587006 0.19758717]\n",
      " [0.59587006 0.2023546  0.20177535]\n",
      " [0.19758717 0.20177535 0.60063748]]\n",
      "option: opt5, f: 0.35829645349814754, actualIt: 10, accuracy: 0.8707165109034268\n",
      "option: opt6, f: 0.35829645349814754, actualIt: 10, accuracy: 0.4283489096573209\n",
      "option: opt1, f: 0.2260697788358622, actualIt: 10, accuracy: 0.8074935400516797\n",
      "learning_method: LHE\n",
      "H:\n",
      "[[0.3191941  0.36782734 0.31297856]\n",
      " [0.36782734 0.313361   0.31881166]\n",
      " [0.31297856 0.31881166 0.36820978]]\n",
      "option: opt2, f: 0.2260697788358622, actualIt: 10, accuracy: 0.7997416020671836\n",
      "learning_method: MHE\n",
      "H:\n",
      "[[0.2246759  0.59916095 0.17616315]\n",
      " [0.59916095 0.17837076 0.22246829]\n",
      " [0.17616315 0.22246829 0.60136856]]\n",
      "option: opt3, f: 0.2260697788358622, actualIt: 10, accuracy: 0.7997416020671836\n",
      "learning_method: DHE\n",
      "H:\n",
      "[[0.21554744 0.59416752 0.19028504]\n",
      " [0.59416752 0.20262094 0.20321154]\n",
      " [0.19028504 0.20321154 0.60650342]]\n",
      "option: opt4, f: 0.2260697788358622, actualIt: 10, accuracy: 0.8087855297157623\n",
      "learning_method: DHE\n",
      "H:\n",
      "[[0.2118935  0.59454067 0.19356583]\n",
      " [0.59454067 0.20501481 0.20044452]\n",
      " [0.19356583 0.20044452 0.60598966]]\n",
      "option: opt5, f: 0.2260697788358622, actualIt: 10, accuracy: 0.8087855297157623\n",
      "option: opt6, f: 0.2260697788358622, actualIt: 10, accuracy: 0.11757105943152453\n",
      "option: opt1, f: 0.14264038732150022, actualIt: 10, accuracy: 0.7748333537807222\n",
      "learning_method: LHE\n",
      "H:\n",
      "[[0.32420903 0.3569491  0.31884187]\n",
      " [0.3569491  0.32296869 0.32008221]\n",
      " [0.31884187 0.32008221 0.36107592]]\n",
      "option: opt2, f: 0.14264038732150022, actualIt: 10, accuracy: 0.7526315789473683\n",
      "learning_method: MHE\n",
      "H:\n",
      "[[0.22853625 0.58854276 0.18292099]\n",
      " [0.58854276 0.208805   0.20265224]\n",
      " [0.18292099 0.20265224 0.61442676]]\n",
      "option: opt3, f: 0.14264038732150022, actualIt: 10, accuracy: 0.7573017625649205\n",
      "learning_method: DHE\n",
      "H:\n",
      "[[0.22943205 0.59530189 0.17526605]\n",
      " [0.59530189 0.18368141 0.2210167 ]\n",
      " [0.17526605 0.2210167  0.60371725]]\n",
      "option: opt4, f: 0.14264038732150022, actualIt: 10, accuracy: 0.7549748497116918\n",
      "learning_method: DHE\n",
      "H:\n",
      "[[0.22744082 0.59524213 0.17731705]\n",
      " [0.59524213 0.18546872 0.21928915]\n",
      " [0.17731705 0.21928915 0.6033938 ]]\n",
      "option: opt5, f: 0.14264038732150022, actualIt: 10, accuracy: 0.7549748497116918\n",
      "option: opt6, f: 0.14264038732150022, actualIt: 10, accuracy: 0.7304338935917883\n",
      "option: opt1, f: 0.09000000000000001, actualIt: 10, accuracy: 0.7252547623183371\n",
      "learning_method: LHE\n",
      "H:\n",
      "[[0.32649437 0.35567674 0.31782889]\n",
      " [0.35567674 0.32061541 0.32370785]\n",
      " [0.31782889 0.32370785 0.35846326]]\n",
      "option: opt2, f: 0.09000000000000001, actualIt: 10, accuracy: 0.708738637021597\n",
      "learning_method: MHE\n",
      "H:\n",
      "[[0.22685684 0.68234964 0.09079352]\n",
      " [0.68234964 0.13506021 0.18259015]\n",
      " [0.09079352 0.18259015 0.72661632]]\n",
      "option: opt3, f: 0.09000000000000001, actualIt: 10, accuracy: 0.708738637021597\n",
      "learning_method: DHE\n",
      "H:\n",
      "[[0.22595513 0.59732509 0.17671979]\n",
      " [0.59732509 0.1860972  0.21657771]\n",
      " [0.17671979 0.21657771 0.60670251]]\n"
     ]
    },
    {
     "name": "stdout",
     "output_type": "stream",
     "text": [
      "option: opt4, f: 0.09000000000000001, actualIt: 10, accuracy: 0.7175539922413293\n",
      "learning_method: DHE\n",
      "H:\n",
      "[[0.22382346 0.59781253 0.17836401]\n",
      " [0.59781253 0.18575721 0.21643026]\n",
      " [0.17836401 0.21643026 0.60520573]]\n",
      "option: opt5, f: 0.09000000000000001, actualIt: 10, accuracy: 0.7197542122633317\n",
      "option: opt6, f: 0.09000000000000001, actualIt: 10, accuracy: 0.23853569567483066\n",
      "option: opt1, f: 0.0567861610032174, actualIt: 10, accuracy: 0.7115525898965389\n",
      "learning_method: LHE\n",
      "H:\n",
      "[[0.33299145 0.34648148 0.32052707]\n",
      " [0.34648148 0.32587763 0.32764088]\n",
      " [0.32052707 0.32764088 0.35183205]]\n",
      "option: opt2, f: 0.0567861610032174, actualIt: 10, accuracy: 0.6828497287096013\n",
      "learning_method: MHE\n",
      "H:\n",
      "[[0.33375967 0.57257109 0.09366924]\n",
      " [0.57257109 0.19816923 0.22925969]\n",
      " [0.09366924 0.22925969 0.67707107]]\n",
      "option: opt3, f: 0.0567861610032174, actualIt: 10, accuracy: 0.6839079297678023\n",
      "learning_method: DHE\n",
      "H:\n",
      "[[0.24432475 0.59227141 0.16340384]\n",
      " [0.59227141 0.175425   0.23230359]\n",
      " [0.16340384 0.23230359 0.60429257]]\n",
      "option: opt4, f: 0.0567861610032174, actualIt: 10, accuracy: 0.6807805075320998\n",
      "learning_method: DHE\n",
      "H:\n",
      "[[0.24339806 0.59232254 0.1642794 ]\n",
      " [0.59232254 0.17558926 0.2320882 ]\n",
      " [0.1642794  0.2320882  0.6036324 ]]\n",
      "option: opt5, f: 0.0567861610032174, actualIt: 10, accuracy: 0.6818420786573652\n",
      "option: opt6, f: 0.0567861610032174, actualIt: 10, accuracy: 0.6807131061908133\n",
      "option: opt1, f: 0.035829645349814754, actualIt: 10, accuracy: 0.6794663415955573\n",
      "learning_method: LHE\n",
      "H:\n",
      "[[0.32705896 0.34242903 0.33051201]\n",
      " [0.34242903 0.32220107 0.3353699 ]\n",
      " [0.33051201 0.3353699  0.33411809]]\n",
      "option: opt2, f: 0.035829645349814754, actualIt: 10, accuracy: 0.5212424940177885\n",
      "learning_method: MHE\n",
      "H:\n",
      "[[ 0.08141377  0.65665853  0.2619277 ]\n",
      " [ 0.65665853 -0.03820496  0.38154643]\n",
      " [ 0.2619277   0.38154643  0.35652586]]\n",
      "option: opt3, f: 0.035829645349814754, actualIt: 10, accuracy: 0.5212424940177885\n",
      "learning_method: DHE\n",
      "H:\n",
      "[[0.26004431 0.59074011 0.14921557]\n",
      " [0.59074011 0.16364325 0.24561664]\n",
      " [0.14921557 0.24561664 0.60516779]]\n",
      "option: opt4, f: 0.035829645349814754, actualIt: 10, accuracy: 0.6680533787400914\n",
      "Problem in 'transform_hToH' input: [-1.00270980e+12  2.72303530e+12 -1.48657134e+12]\n",
      "Problem in 'transform_hToH' input: [-1.00270980e+11  2.72303530e+11 -1.48657134e+11]\n",
      "Problem in 'transform_hToH' input: [ 5.03379916e+12 -1.37016797e+13  7.49562445e+12]\n",
      "Problem in 'transform_hToH' input: [ 5.03379916e+11 -1.37016797e+12  7.49562445e+11]\n",
      "Problem in 'transform_hToH' input: [ 5.03379915e+10 -1.37016797e+11  7.49562444e+10]\n",
      "learning_method: DHE\n",
      "H:\n",
      "[[0.25385905 0.59373799 0.15240296]\n",
      " [0.59373799 0.16459251 0.2416695 ]\n",
      " [0.15240296 0.2416695  0.60592754]]\n",
      "option: opt5, f: 0.035829645349814754, actualIt: 10, accuracy: 0.6680566036518901\n",
